geneIDs	a_cell	a_donor	geneIDs	b_cell	b_donor	geneIDs	g_cell	g_donor	geneIDs	d_cell	d_donor	geneIDs	acinar_cell	acinar_donor	geneIDs	ductal_cell	ductal_donor	sequenced	RefSeq	RPKM
'PCSK1N'	0.847	0.644	'PCSK1N'	0.858	0.644	'RPLP1'	0.81	0.723	'PCSK1N'	0.751	0.644	'RPL7A'	0.776	0.64	'EEF2'	0.855	0.774	70188	34347	3028
'BCAM'	0.823	0.717	'SNHG7'	0.796	0.662	'CTSD'	0.761	0.657	'CELF3'	0.723	0.587	'AP1S1'	0.775	0.683	'PPDPF'	0.854	0.773	657630	398136	3081
'RPLP1'	0.821	0.723	'C1QL1'	0.76	0.547	'NPDC1'	0.722	0.613	'CDK5R2'	0.715	0.573	'JUND'	0.766	0.46	'PRSS22'	0.842	0.447	519056	227653	4336
'RPL18'	0.804	0.716	'INS'	0.738	0.185	'PCSK1N'	0.717	0.644	'TPGS1'	0.706	0.626	'ACAP3'	0.715	0.559	'CD151'	0.837	0.615	1072802	586047	5384
'BSG'	0.789	0.669	'ZSCAN18'	0.737	0.568	'PTP4A3'	0.655	0.321	'PODXL2'	0.701	0.629	'OGFR'	0.702	0.439	'HLA-A'	0.834	0.486	1527458	992661	3404
'RPL37'	0.789	0.713	'TMEM259'	0.733	0.617	'ALDOA'	0.655	0.363	'CALY'	0.687	0.58	'STK11'	0.694	0.527	'TAF10'	0.833	0.69	400731	198984	5346
'TAAR5'	0.786	0.705	'NPDC1'	0.733	0.613	'CLU'	0.634	0.184	'CDIP1'	0.659	0.552	'ASXL1'	0.686	0.417	'SERINC2'	0.822	0.299	1095283	496154	4141
'RPL35'	0.773	0.701	'NKX6-1'	0.73	0.451	'EIF5A'	0.627	0.361	'CNOT3'	0.653	0.557	'KCMF1'	0.68	0.368	'APH1A'	0.818	0.664	1899378	901889	4722
'EEF1A2'	0.759	0.634	'PSD'	0.729	0.649	'CFL1'	0.614	0.389	'SST'	0.645	-0.227	'RPS12'	0.675	0.574	'AES'	0.811	0.663	2251527	1207362	4870
'PSD'	0.758	0.649	'GRINA'	0.729	0.626	'GIGYF1'	0.61	0.306	'RNF187'	0.638	0.578	'CTIF'	0.674	0.381	'ATP6V0C'	0.81	0.686	2029213	1155030	4388
'VGF'	0.757	0.506	'CHGA'	0.728	0.45	'DDX5'	-0.64	-0.556	'FOXP4'	0.637	0.535	'SLC25A23'	0.674	0.417	'SEPT9'	0.807	0.504	2031274	1164820	6621
'CALY'	0.751	0.58	'AKT1S1'	0.727	0.649	'SCG5'	-0.654	-0.346	'PNPLA2'	0.637	0.576	'FN3K'	0.67	0.542	'RNF187'	0.797	0.578	183343	111178	5232
'NENF'	0.744	0.649	'MIB2'	0.718	0.63	'LOC643355'	-0.656	0	'POFUT2'	0.617	0.467	'ABTB1'	0.669	0.393	'CTSD'	0.791	0.657	754186	333379	5498
'RPL11'	0.731	0.657	'CSNK1D'	0.717	0.61	'CPE'	-0.705	-0.047	'C19orf66'	0.613	0.418	'RNF208'	0.668	0.296	'SCAMP4'	0.791	0.711	99182	44384	4239
'CNIH2'	0.724	0.595	'STX1A'	0.716	0.487				'LRRC61'	0.606	0.446	'TRNP1'	0.665	0.304	'SPNS2'	0.789	0.121	596204	287127	4400
'COX8A'	0.724	0.589	'SLC22A17'	0.715	0.527				'PDX1'	0.606	0.156	'SGK223'	0.662	0.144	'CDC42EP1'	0.789	0.091	1164693	479778	2213
'RPS11'	0.715	0.64	'PLEC'	0.715	0.624				'PTPRN'	0.606	0.515	'DVL1'	0.661	0.316	'ZNF428'	0.788	0.666	1075682	492578	4184
'SLC22A17'	0.71	0.527	'GPR56'	0.712	0.519				'ZDHHC1'	0.603	0.516	'MINK1'	0.652	0.58	'CITED4'	0.787	0.42	1224096	602634	4383
'RPS23'	0.709	0.556	'ATP2A3'	0.711	0.419				'LOC728392'	0.601	0.432	'EMC10'	0.65	0.461	'TMED9'	0.786	0.612	1383995	743195	6126
'RPS13'	0.709	0.58	'NSMF'	0.709	0.563				'ATP6V1B2'	-0.606	-0.289	'MAP2K2'	0.645	0.534	'ACTN4'	0.786	0.573	1516302	897381	4646
'H2AFJ'	0.702	0.589	'FAM69B'	0.7	0.382				'NDUFB6'	-0.607	-0.274	'CSNK1G2'	0.644	0.458	'PTBP1'	0.784	0.575	2091556	1083413	4204
'RPS15A'	0.701	0.637	'DTX3'	0.697	0.529				'ENPP2'	-0.613	-0.321	'PPP2R4'	0.644	0.51	'HNRNPA0'	0.784	0.501	2404472	1361904	4888
'NPDC1'	0.699	0.613	'PTMS'	0.696	0.587				'PPP1CB'	-0.62	-0.524	'SRRM2'	0.643	0.537	'ERH'	0.781	0.576	2071325	1366853	4517
'PODXL2'	0.697	0.629	'CD151'	0.696	0.615				'DSTN'	-0.624	-0.378	'XAB2'	0.639	0.36	'PPP1R14B'	0.781	0.516	810643	381246	4843
'MRPL23'	0.697	0.623	'CUEDC1'	0.696	0.553				'HSBP1'	-0.634	-0.463	'PGP'	0.637	0.533	'SOD3'	0.779	0.241	2592901	1422544	4505
'CD151'	0.695	0.615	'ZNF358'	0.694	0.547				'PPY'	-0.641	-0.56	'TNIP1'	0.636	0.481	'RPS2'	0.778	0.648	1897165	1211809	3089
'RPS29'	0.694	0.618	'TLE2'	0.69	0.559				'NDUFA1'	-0.651	-0.49	'CSAD'	0.633	0.19	'PLXNB2'	0.776	0.527	1771301	889404	2455
'RPL12'	0.69	0.588	'CBX6'	0.689	0.592				'H3F3B'	-0.679	-0.536	'ARHGEF12'	0.632	0.19	'RPS16'	0.775	0.704	2273328	1152829	5629
'VWA1'	0.689	0.581	'AKAP8L'	0.689	0.583				'SET'	-0.68	-0.575	'LRWD1'	0.631	0.315	'MYH14'	0.774	0.571	2100037	898445	2980
'RPL30'	0.687	0.589	'NCOR2'	0.689	0.625				'TSPYL1'	-0.698	-0.553	'ATP13A2'	0.63	0.484	'VPS37B'	0.773	0.418	213983	48338	4231
'RPL27A'	0.686	0.536	'VAT1'	0.687	0.559				'TPD52'	-0.703	-0.311	'SKI'	0.63	0.327	'AKT1S1'	0.773	0.649	2189546	1019047	5606
'MAP1LC3A'	0.686	0.619	'PTPRN'	0.686	0.515				'PCP4'	-0.706	-0.258	'INPP5E'	0.627	0.41	'GNB2'	0.773	0.652	1143116	796913	2972
'RPL35A'	0.686	0.608	'RAB26'	0.686	0.488				'SRP9'	-0.717	-0.605	'MARVELD3'	0.626	0.236	'LRP10'	0.772	0.567	1168933	417941	5572
'CLSTN3'	0.684	0.61	'MYH14'	0.685	0.571							'AP2A2'	0.617	0.464	'R3HDM4'	0.771	0.634	1787236	977066	4866
'H1FX'	0.684	0.621	'LAMP1'	0.683	0.51							'PPP1R14B'	0.617	0.516	'MGAT4B'	0.771	0.581	2802565	1413131	3639
'C5orf38'	0.682	0.512	'APLP1'	0.681	0.428							'PRKACA'	0.617	0.487	'VAC14'	0.767	0.4	2559759	1177308	4124
'EDF1'	0.682	0.608	'CACNA1H'	0.679	0.458							'ANKRD9'	0.614	0.33	'CEBPB'	0.764	0.404	2366969	1314252	5306
'RPS19'	0.681	0.521	'FLJ22184'	0.673	0.569							'IER5L'	0.613	0.169	'CYBA'	0.763	0.242	2010710	1042830	4812
'PNRC1'	0.68	0.566	'JUP'	0.666	0.566							'ANKRD52'	0.613	0.449	'C19orf43'	0.761	0.596	2831015	1312184	3177
'PARVB'	0.68	0.513	'PDX1'	0.665	0.156							'ATP11A'	0.612	0.203	'EPN1'	0.761	0.641	2037607	848842	5954
'CELF3'	0.676	0.587	'PLXNB2'	0.664	0.527							'FNTA'	0.612	0.289	'BRI3'	0.76	0.644	1014275	459322	5126
'RPS12'	0.674	0.574	'PNPLA2'	0.664	0.576							'GOLGA2P7'	0.61	0.269	'LAMA5'	0.76	0.437	2377543	1247213	6058
'RPL3'	0.673	0.512	'FBXO2'	0.662	0.497							'VEGFB'	0.609	0.371	'SNRNP70'	0.758	0.665	1296883	612488	3723
'UBA52'	0.672	0.593	'TCEA2'	0.66	0.538							'DNAJB2'	0.609	0.44	'ATF6B'	0.757	0.396	1457413	684485	4978
'RPL31'	0.67	0.467	'TSR3'	0.658	0.588							'LINC01278'	0.607	0.399	'LAMP1'	0.757	0.51	704888	419802	4224
'NUCB1'	0.668	0.587	'KCNQ2'	0.657	0.276							'BOK'	0.605	0.521	'CDC42EP5'	0.757	0.214	2414810	1215978	4973
'RPL14'	0.666	0.589	'CDK5R2'	0.655	0.573							'WIZ'	0.604	0.323	'HES4'	0.755	0.242	1434554	547078	5611
'RPL23'	0.666	0.517	'MAPRE3'	0.655	0.593							'HPN'	0.604	0.352	'C17orf70'	0.754	0.415	1099936	509957	1395
'CDK5R2'	0.666	0.573	'SLC25A29'	0.653	0.563							'SRSF9'	0.602	0.443	'JUP'	0.754	0.566	3604612	2338009	4999
'C1orf122'	0.664	0.567	'SPPL3'	0.65	0.422							'CDK18'	0.601	0.371	'GPC1'	0.754	0.32	1844845	897932	3160
'FIS1'	0.661	0.57	'LDOC1'	0.65	0.572							'DYNLL1'	-0.605	0.045	'ITM2C'	0.754	0.368	1261857	553477	5004
'FAU'	0.66	0.587	'CMTM8'	0.649	0.415							'RBP4'	-0.614	-0.291	'GAA'	0.752	0.658	1005583	481765	5283
'CLDN7'	0.655	0.594	'TMEM129'	0.648	0.553							'ARF4'	-0.618	-0.275	'RPS12'	0.751	0.574	1803211	904962	6395
'PTPRN'	0.654	0.515	'BOD1'	0.647	0.423							'ENPP2'	-0.628	-0.321	'TRIP6'	0.751	0.129	1813506	1050592	4323
'CARM1'	0.653	0.574	'RGS11'	0.646	0.428							'PSMD10'	-0.633	-0.119	'RPL11'	0.746	0.657	865051	283187	5765
'MGAT4B'	0.653	0.581	'POLR2A'	0.643	0.518							'ATP5O'	-0.65	-0.137	'QSOX1'	0.746	0.412	2548386	1126110	6312
'RPS3'	0.653	0.552	'ACTN4'	0.641	0.573							'TM4SF4'	-0.741	-0.188	'CHCHD10'	0.745	0.631	1199770	471502	2149
'PTMS'	0.653	0.587	'B3GNT9'	0.639	0.536										'TRABD'	0.744	0.476	982719	442905	5568
'RPS20'	0.65	0.569	'DNAJB2'	0.639	0.44										'NDUFA11'	0.744	0.672	1427504	543395	5387
'SLC29A4'	0.642	0.521	'SREBF1'	0.638	0.505										'G6PD'	0.743	0.569	1549011	882741	4006
'HSPB1'	0.639	0.461	'RBCK1'	0.636	0.482										'ARSA'	0.742	0.63	649646	11529	1088
'GUK1'	0.638	0.543	'TMEM132A'	0.636	0.37										'TMEM259'	0.74	0.617	2127793	963191	4193
'ANXA6'	0.632	0.568	'MAFA'	0.635	0.118										'HLA-C'	0.74	0.411	1757507	993988	2648
'RPS24'	0.632	0.524	'TMEM59L'	0.633	0.465										'SDF4'	0.739	0.613	1028499	341486	4238
'TCEB2'	0.63	0.568	'LRP10'	0.631	0.567										'PAK4'	0.739	0.618	2550579	1263621	5056
"NME2,uid_22041'"	0.63	0.555	'NFIC'	0.63	0.504										'ZNF580'	0.738	0.639	257832	114006	5386
'MAFB'	0.628	0.448	'CORO1B'	0.629	0.545										'CDIPT'	0.738	0.469	1547719	774798	5092
'SEZ6L2'	0.628	0.518	'OLFM2'	0.625	0.306										'MMP24-AS1'	0.737	0.646	2506928	1006208	3562
'RPL24'	0.623	0.521	'RPS27'	0.623	0.5										'EPS8L2'	0.737	0.469	1178469	638173	3513
'SRRM2'	0.622	0.537	'PCBP1'	0.623	0.487										'CLDN7'	0.737	0.594	2962742	2026457	4974
'LTBP3'	0.621	0.537	'CXXC5'	0.623	0.434										'GRINA'	0.734	0.626	2786095	1352657	3775
'APLP1'	0.62	0.428	'THAP11'	0.622	0.416										'TSR3'	0.733	0.588	1833436	949617	4884
'FASN'	0.619	0.548	'FLYWCH1'	0.621	0.399										'ZSCAN18'	0.733	0.568	2682974	1335792	3088
'RPS7'	0.617	0.536	'PHF1'	0.619	0.445										'MRPL23'	0.733	0.623	2015943	1366213	4778
'SEPT9'	0.615	0.504	'STMN3'	0.618	0.44										'PTGES2'	0.732	0.54	1729127	917282	6712
'COMTD1'	0.614	0.536	'MLXIPL'	0.617	0.412										'SMARCD3'	0.731	0.434	1910421	994168	4859
'RABAC1'	0.61	0.551	'ACAP3'	0.616	0.559										'TNIP1'	0.73	0.481	1624115	904266	5928
'VWA7'	0.608	0.522	'DYRK1B'	0.615	0.483										'RPS15A'	0.728	0.637	467862	194824	3564
'DRAP1'	0.608	0.553	'DVL3'	0.615	0.535										'TMEM54'	0.727	0.587	1708062	813966	4688
'SLC5A1'	0.604	0.449	'SYN1'	0.614	0.501										'AGRN'	0.727	0.305	1758004	962568	4665
'RPL29'	0.602	0.506	'JUND'	0.613	0.46										'FAM134C'	0.726	0.413	2473384	1001570	3873
'VSTM2L'	0.601	0.467	'EMC10'	0.613	0.461										'NENF'	0.725	0.649	759606	392150	4325
'TM4SF4'	-0.604	-0.188	'PIM3'	0.612	0.502										'PTOV1'	0.725	0.597	208278	5550	1170
'B2M'	-0.626	-0.399	'PRKACA'	0.612	0.487										'TLN1'	0.724	0.563	1127436	480113	2739
'SCG5'	-0.677	-0.346	'FAM58A'	0.611	0.46										'WFDC2'	0.723	0.209	2968082	1701563	5959
			'PELI3'	0.609	0.418										'RPL7A'	0.721	0.64	644984	367977	5718
			'ARFGAP1'	0.608	0.456										'RPS20'	0.721	0.569	1494910	641862	3083
			'CLTB'	0.608	0.551										'PLEC'	0.72	0.624	2717792	1651308	4273
			'APP'	0.607	0.516										'MZT2A'	0.719	0.618	1796167	832806	4039
			'TESK1'	0.607	0.523										'DIRC2'	0.718	0.245	1510397	663354	5452
			'ECE1'	0.605	0.467										'ATPAF1'	0.717	0.37	1651362	928893	3956
			'PHLDB3'	0.605	0.538										'AP2A1'	0.716	0.638	1487196	711370	6159
			'LOC100130093'	0.605	0.386										'HDGFRP2'	0.716	0.559	1323564	698425	2365
			'NAT14'	0.603	0.545										'VWA1'	0.715	0.581	1221443	450980	4687
			'BAIAP2'	0.603	0.497										'CLUH'	0.714	0.351	2278177	1267919	3866
			'ABCA3'	0.602	0.477										'PNPLA6'	0.713	0.526	2772301	1837464	4750
			'FAM89B'	0.602	0.461										'DNTTIP1'	0.713	0.334	939489	484791	4640
			'PLEKHH3'	0.602	0.481										'ANP32A'	0.713	0.457	638450	318709	5130
			'MNT'	0.6	0.429										'TSPAN17'	0.713	0.498	1720320	739391	4164
			'G6PC2'	-0.6	-0.146										'CSNK1G2'	0.713	0.458	1270864	590880	6002
			'PFKFB2'	-0.6	0.077										'SLC38A10'	0.712	0.546	2020408	916651	5780
			'PAIP2'	-0.6	-0.318										'NCOR2'	0.712	0.625	972648	576595	4865
			'YWHAE'	-0.601	-0.398										'UBA52'	0.712	0.593	1660059	948562	7730
			'HSP90AB1'	-0.601	-0.417										'SLC35C1'	0.709	0.385	1748483	673378	4743
			'SCG5'	-0.606	-0.346										'CST3'	0.709	0.63	1951095	631511	3527
			'PFN2'	-0.606	-0.115										'WBP2'	0.708	0.55	1568518	651370	6798
			'ASAH1'	-0.607	-0.389										'RPS19'	0.708	0.521	517072	313840	3210
			'COX7A2'	-0.608	-0.128										'C1QTNF5+MFRP'	0.707	0.145	1520585	682601	5539
			'C14orf2'	-0.627	-0.26										'TRAPPC5'	0.707	0.496	1506137	749938	2171
			'DDX5'	-0.63	-0.556										'PVRL2'	0.707	0.492	1741671	1210883	3525
			'RIN2'	-0.63	-0.364										'STARD10'	0.706	0.471	1788374	858806	3878
			'PPY'	-0.633	-0.56										'ANAPC2'	0.706	0.476	2268214	1359059	4394
			'ALDH1A1'	-0.637	-0.242										'HLA-B'	0.705	0.374	2227235	1262186	3438
			'SCG3'	-0.642	-0.202										'GPAA1'	0.705	0.585	1269322	807261	2146
			'PPP1CB'	-0.644	-0.524										'CPTP'	0.705	0.363	2054965	1290415	3485
			'H2AFZ'	-0.65	-0.445										'YBX3'	0.705	0.061	316436	123227	6616
			'SET'	-0.658	-0.575										'GSTP1'	0.704	0.168	1811545	945008	4928
			'CNBP'	-0.659	-0.432										'TMEM51'	0.704	0.353	1553180	843646	2725
			'MARCH6'	-0.661	-0.459										'CBX6'	0.702	0.592	2440866	1355867	4736
			'LAPTM4A'	-0.664	-0.438										'PNPLA2'	0.702	0.576	2015204	1001025	6523
			'PDIA3'	-0.665	-0.442										'MZT2B'	0.701	0.627	414058	197950	5145
			'PCP4'	-0.665	-0.258										'TCEA2'	0.701	0.538	2414674	1216908	4166
			'PRDX3'	-0.669	-0.474										'VAT1'	0.699	0.559	1820217	879322	5783
			'YWHAQ'	-0.686	-0.383										'EDF1'	0.698	0.608	1874737	780394	5990
			'PDIA3P1'	-0.694	-0.451										'LRCH4'	0.698	0.574	1721161	1083602	5290
			'ENPP2'	-0.704	-0.321										'PPP2R4'	0.698	0.51	2012799	889529	6156
			'SRP9'	-0.708	-0.605										'SLC39A3'	0.698	0.518	2077141	1228397	3474
			'SERINC1'	-0.714	-0.443										'PLD3'	0.697	0.593	738575	5270	1204
			'TMEM59'	-0.723	-0.479										'RNPEPL1'	0.697	0.43	1982698	1191172	4709
			'UBE2D3'	-0.728	-0.371										'FAU'	0.697	0.587	277759	3077	1018
			'H3F3B'	-0.732	-0.536										'UBE2Z'	0.696	0.502	1005344	553994	2488
			'B2M'	-0.734	-0.399										'SLC25A23'	0.695	0.417	1462133	782574	5090
			'ATP6V1G1'	-0.743	-0.517										'SUPT5H'	0.694	0.511	1968301	890587	5059
			'NDUFA1'	-0.747	-0.49										'ZDHHC3'	0.694	0.306	2342836	1299011	4368
			'TSPYL1'	-0.748	-0.553										'TPBG'	0.694	0.18	1835294	768293	5112
			'CALM2'	-0.874	-0.741										'MAP2K2'	0.693	0.534	1246793	555736	4936
															'HNRNPUL1'	0.693	0.571	2051099	1099660	4774
															'PGLS'	0.693	0.471	1077866	433940	5503
															'MBD6'	0.693	0.501	2342307	1369439	4970
															'RPSA'	0.691	0.48	1653311	726397	5062
															'NDUFA3'	0.691	0.614	1742383	886092	4930
															'ANKRD9'	0.691	0.33	1736263	743365	3156
															'DDR1'	0.69	0.383	1964755	1120630	5214
															'RPS23'	0.69	0.556	983034	477079	4174
															'GIPC1'	0.69	0.488	1839248	1108238	5406
															'GAS6'	0.69	0.135	2068733	1104389	4911
															'LAMTOR1'	0.689	0.543	1478401	935035	3332
															'SHISA5'	0.689	0.48	1281625	652250	3983
															'ANXA11'	0.689	0.4	1649765	617383	5375
															'TP53I13'	0.689	0.544	787949	3355	1382
															'SRRM2'	0.688	0.537	580436	231332	3121
															'RBPMS'	0.688	0.278	938564	387362	5236
															'FIS1'	0.687	0.57	1764889	697491	4713
															'CCDC24'	0.687	0.407	1577763	636906	5564
															'ERGIC1'	0.687	0.424	2034382	1054899	2767
															'TCIRG1'	0.687	0.323	334145	179914	4167
															'MMP14'	0.686	0.168	1832327	738981	5229
															'RAB11FIP5'	0.686	0.373	1669879	823179	4915
															'RABEP2'	0.686	0.361	1963620	714534	5629
															'TINAGL1'	0.685	0.133	312042	157475	3692
															'GGA1'	0.685	0.47	1651639	821866	2867
															'BRD4'	0.685	0.475	294560	157719	4292
															'HLA-H'	0.684	0.276	2552097	1132928	4445
															'MOB2'	0.684	0.484	1120459	633557	2591
															'GTF2IP1.uid_9260'	0.683	0.459	1933021	1436973	3520
															'CHPF2'	0.683	0.538	991884	652087	4590
															'CLN6'	0.683	0.431	1333671	599554	2842
															'PINK1'	0.683	0.576	1264629	725733	5675
															'NAA60'	0.682	0.528	1708830	920887	5135
															'PPP1R13L'	0.682	0.389	2367773	1072954	2530
															'ANKRD52'	0.681	0.449	1214400	530453	3518
															'TSPO'	0.681	0.124	1528646	788905	4576
															'CLTB'	0.68	0.551	1008290	486821	5020
															'NOXA1'	0.68	0.371	2075555	1066788	2710
															'TMEM132A'	0.679	0.37	1924311	801424	5018
															'RPL3'	0.678	0.512	2010905	982744	4778
															'CARD10'	0.677	0.25	2039563	809465	5662
															'PDAP1'	0.677	0.603	1313897	692113	2999
															'NPDC1'	0.676	0.613	1167819	552657	4327
															'TMEM175'	0.676	0.536	1003819	393344	5640
															'DNM2'	0.676	0.524	1552986	994956	2683
															'ECI1'	0.676	0.573	2811618	1876661	3382
															'ARRDC1'	0.675	0.452	627505	288566	3567
															'TBC1D17'	0.675	0.58	1273648	625737	4919
															'UCKL1'	0.674	0.45	2265447	1024212	5601
															'MPG'	0.674	0.47	652182	391676	3869
															'SCAP'	0.674	0.422	2742833	1618334	4541
															'FRMD8'	0.673	0.36	1111400	585786	3646
															'AP2S1'	0.673	0.497	1962921	846027	5798
															'TPCN1'	0.672	0.461	3062469	1696356	5983
															'PCBP1'	0.672	0.487	2650577	1636963	4795
															'LEMD2'	0.672	0.588	2462727	1271570	5629
															'SLC9A1'	0.671	0.323	875974	411963	4288
															'RPL23'	0.671	0.517	2137397	1050379	6095
															'NME2.uid_22041'	0.671	0.555	427750	270036	6341
															'GPR137'	0.67	0.539	2693100	1210489	5528
															'TAX1BP3'	0.67	0.347	1797964	941845	5485
															'BAZ2A'	0.67	0.49	1809700	920440	4437
															'DAPK3'	0.669	0.516	1530197	948023	4546
															'DAP'	0.669	0.474	1373341	757686	4574
															'PSKH1'	0.669	0.494	1490290	768131	5747
															'MESP1'	0.669	0.394	1049911	421122	2520
															'FBXL6'	0.669	0.341	1558316	813311	2314
															'ADAM15'	0.669	0.404	1752080	791087	2883
															'PPP4C'	0.669	0.483	1063801	436018	5403
															'GPR56'	0.668	0.519	1428278	672835	5154
															'C17orf62'	0.668	0.406	2418543	1234687	4728
															'RRBP1'	0.668	0.373	1443547	743979	4980
															'SELO'	0.667	0.455	83975	37231	5330
															'EMC10'	0.667	0.461	1677806	864498	6285
															'DAZAP1'	0.667	0.461	2007085	956704	5763
															'ZNF358'	0.667	0.547	1899267	743405	6384
															'NPRL3'	0.667	0.466	1901903	1066815	3407
															'SLC43A2'	0.667	0.429	1336624	446895	4160
															'LRRC59'	0.667	0.347	1426460	596788	4921
															'ATP1A1'	0.666	0.346	1657005	935982	5223
															'LSR'	0.666	0.503	419021	2893	1146
															'CDK12'	0.665	0.391	1138806	351950	5783
															'DBNDD1'	0.664	0.456	1967025	1046878	4264
															'TMEM203'	0.663	0.492	1685103	649917	4332
															'FAM150B'	0.663	0.2	2171124	984568	4226
															'SF3A1'	0.662	0.342	1611845	646575	5119
															'EVC'	0.662	0.175	2036843	950444	5890
															'CANT1'	0.662	0.352	1195741	490270	2372
															'SLC25A1'	0.662	0.541	1399464	546228	4875
															'FAM129B'	0.661	0.311	1118607	508450	4484
															'PHLDB1'	0.661	0.238	1173674	535447	5826
															'TMEM129'	0.66	0.553	2966134	1793495	4564
															'USP20'	0.659	0.428	2139584	933344	5641
															'IER3'	0.659	0.429	2238910	1210438	4465
															'KCNQ1'	0.659	0.11	2074468	981724	2624
															'CLCN7'	0.659	0.536	85520	48346	3589
															'DYNLRB1'	0.658	0.463	544388	213729	1119
															'DPP3'	0.658	0.436	1167901	558120	4305
															'ZDHHC8'	0.657	0.493	2589102	1632470	3337
															'RPS5'	0.657	0.582	2700647	1081397	3956
															'CADM4'	0.657	0.381	2118471	1068843	4477
															'ESRRA'	0.656	0.382	2960005	1518076	6693
															'ATP5G2'	0.656	0.494	3424816	1513889	3990
															'MAGEF1'	0.655	0.376	828762	381174	2457
															'ENDOG'	0.654	0.498	2047356	1114850	4919
															'MYO1D'	0.654	0.399	1408881	605104	3800
															'PNRC1'	0.654	0.566	2338377	1041774	3563
															'UNC93B1'	0.654	0.416	1922638	959982	4989
															'SHISA4'	0.654	0.403	1516469	660564	4521
															'DVL3'	0.653	0.535	2266734	1283377	4663
															'PIK3R2'	0.653	0.561	1400713	580345	5203
															'IGFBP7'	0.653	0.352	2507373	1311016	5526
															'LY6E'	0.653	0.385	1050650	537057	6517
															'TMC6'	0.652	0.129	2283847	1290912	3320
															'CDC34'	0.652	0.539	758688	358604	3421
															'B3GAT3'	0.652	0.549	1098037	378934	4951
															'NSMF'	0.652	0.563	2292384	1148931	3686
															'BAX'	0.652	0.472	1553833	585577	3782
															'NADK'	0.651	0.458	379428	211846	3894
															'PKN1'	0.651	0.473	2472019	1264213	3957
															'SLC25A10'	0.651	0.432	2645377	1492251	4678
															'RPL10'	0.65	0.501	1905650	947852	3371
															'RNF126'	0.65	0.586	2087763	1170817	5445
															'RPL12'	0.65	0.588	1294167	637128	4897
															'P4HTM'	0.65	0.444	2120736	1078181	5031
															'PLXNA1'	0.649	0.307	1924892	996825	3026
															'NME3'	0.649	0.537	1432660	838775	4433
															'BCL2L1'	0.649	0.456	2171616	1167501	6892
															'HS1BP3'	0.648	0.532	2629200	1445433	4661
															'AP2A2'	0.648	0.464	1193704	680537	5607
															'ORAI3'	0.647	0.467	768683	375791	5066
															'OGFR'	0.647	0.439	2392540	1123870	3400
															'POLR2A'	0.646	0.518	2457235	974776	6360
															'MBD1'	0.646	0.292	1402787	737229	3247
															'URM1'	0.645	0.516	645448	327006	4349
															'POMT1'	0.645	0.408	1533020	910191	3224
															'SZRD1'	0.645	0.58	614400	389563	2870
															'TRIOBP'	0.645	0.259	1662511	602950	5841
															'DUSP28'	0.645	0.405	2490487	1439610	5539
															'RPS28'	0.644	0.486	3071741	1667593	5375
															'BLOC1S4'	0.644	0.317	2388107	1105553	3371
															'SH3GL1'	0.643	0.441	3186394	1463242	4779
															'CRAT'	0.643	0.467	670124	190209	2577
															'CTXN1'	0.643	0.248	2529777	1447271	4289
															'ATN1'	0.643	0.502	2160015	1304035	5451
															'APP'	0.642	0.516	921906	278807	5979
															'MAZ'	0.642	0.581	1242244	644272	7120
															'TBC1D10A'	0.642	0.401	1480345	819074	5272
															'FOXA2'	0.641	0.361	948060	562847	4725
															'SLC52A2'	0.641	0.455	2159694	1102948	3849
															'FLNA'	0.64	0.112	2523612	1339786	4227
															'RNPEP'	0.64	0.381	2373931	651497	3372
															'DOT1L'	0.64	0.434	1546291	756422	3965
															'FAM160A2'	0.64	0.431	1580354	650435	5012
															'KAT8'	0.639	0.4	310230	19235	1186
															'LTBP3'	0.639	0.537	1418963	703369	5776
															'ZNF800'	0.638	0.454	1676799	736157	5404
															'TTYH3'	0.637	0.264	808107	381334	4230
															'TXNL4A'	0.637	0.507	1489265	676686	5327
															'MOV10'	0.636	0.386	2487615	1741583	4024
															'TMEM184B'	0.636	0.499	1592868	700858	7353
															'GGT7'	0.635	0.409	986044	452565	7280
															'MIDN'	0.634	0.483	1432474	781490	3201
															'TRIM28'	0.634	0.362	2211959	783777	5189
															'ATP6V0A1'	0.634	0.472	1974980	887737	5551
															'GSDMD'	0.634	0.37	1909308	1015778	4194
															'EPHX1'	0.634	0.439	139297	56069	1921
															'MBOAT7'	0.634	0.476	1974056	1022008	3787
															'NCLN'	0.633	0.498	1817504	784637	5862
															'LZTS2'	0.633	0.352	1964003	1149565	4484
															'KDM5C'	0.632	0.468	215872	124014	4777
															'FAM195A'	0.632	0.526	943633	507352	5570
															'MECP2'	0.632	0.364	1589011	890215	4463
															'PRKCD'	0.632	0.199	1738792	792821	3500
															'TFE3'	0.632	0.409	2408002	1028540	3242
															'TRPC4AP'	0.631	0.409	1972573	829377	4794
															'DIP2C'	0.631	0.345	126325	58807	3788
															'TSC22D4'	0.63	0.531	1642101	799266	4898
															'IER5L'	0.63	0.169	2227235	1219449	4952
															'BCAR1'	0.63	0.502	574653	280226	3778
															'MFSD3'	0.629	0.499	831534	391305	5445
															'ATP11A'	0.628	0.203	1247593	623127	2695
															'SIGIRR'	0.628	0.452	277345	15006	1048
															'NOC2L'	0.628	0.413	736751	303928	2494
															'CUEDC1'	0.627	0.553	2559545	800743	4102
															'GSK3A'	0.627	0.526	1902270	847032	5476
															'PHF5A'	0.627	0.493	1529498	520005	3400
															'EIF3G'	0.627	0.386	2707728	1778985	4582
															'CCDC92'	0.626	0.39	413817	228027	3768
															'GALE'	0.626	0.316	1194326	488507	4050
															'RHBDD3'	0.626	0.376	862529	311157	5064
															'MYRF'	0.625	0.263	1800584	1077979	5183
															'ENTPD2'	0.625	0.405	392303	143438	3175
															'SLC44A2'	0.625	0.177	2195052	1079015	2958
															'TLE2'	0.625	0.559	839520	463352	4556
															'OAF'	0.624	0.118	2144815	1120387	4253
															'SRSF9'	0.624	0.443	2715729	1499476	5302
															'TMEM63B'	0.624	0.476	1088897	417032	4716
															'FGFR1'	0.624	0.392	1697558	855426	5261
															'ZFP36'	0.624	0.376	100281	45809	4126
															'VASP'	0.623	0.431	1133989	535171	6576
															'RALY'	0.623	0.4	1796660	812218	5733
															'TMC4'	0.623	0.4	869931	506566	5328
															'SPSB2'	0.623	0.427	1959299	965392	3230
															'ATP13A1'	0.622	0.487	951124	530953	4619
															'APRT'	0.622	0.508	1033144	526987	4146
															'ARFGAP1'	0.622	0.456	1983811	798185	2953
															'STK16'	0.622	0.493	664893	346396	4044
															'SRC'	0.621	0.418	452872	268965	3504
															'PACS1'	0.62	0.441	1396059	592646	5009
															'ZNF503'	0.62	0.194	1240009	519997	4646
															'SCAND1'	0.62	0.563	2227761	1321788	4635
															'FN3K'	0.62	0.542	1593707	724648	5204
															'GPX1'	0.62	0.453	1500929	838058	6344
															'C19orf24'	0.62	0.505	1737165	610132	6037
															'GNAI2'	0.62	0.538	675701	441803	4583
															'MEGF8'	0.619	0.361	1010939	513439	2786
															'PKM'	0.619	0.483	1419428	543128	4583
															'ACIN1'	0.619	0.348	1567870	629014	5474
															'TRAF4'	0.618	0.5	2219282	1261828	6428
															'C10orf54'	0.618	0.137	1712789	1052797	4427
															'MFI2'	0.618	0.235	1949142	1144128	4814
															'STK25'	0.618	0.44	267919	85893	3257
															'PRPF19'	0.618	0.454	564292	4004	1062
															'BCL3'	0.618	0.393	1087588	319196	1695
															'RPL29'	0.617	0.506	2289619	1370499	5222
															'TMEM102'	0.617	0.329	936600	524875	5534
															'NCKIPSD'	0.617	0.43	2052013	1081372	4904
															'KIF12'	0.617	0.502	2566980	1175640	3367
															'POLR2L'	0.617	0.558	997315	437195	5435
															'CLSTN1'	0.616	0.483	1528501	643546	4412
															'PELP1'	0.616	0.431	1173885	645259	5027
															'BACE2'	0.616	0.371	2216227	1073824	5366
															'RAD23A'	0.615	0.53	2878341	1752735	4631
															'PSMD3'	0.615	0.489	2790857	1220676	4036
															'DOK4'	0.615	0.381	1907230	969131	3934
															'TPRA1'	0.615	0.401	1876886	906184	5410
															'SRCAP'	0.614	0.419	1962215	1136768	4077
															'MOGS'	0.614	0.52	1805951	952892	4649
															'KMT2D'	0.613	0.452	1269808	508454	5859
															'COL18A1'	0.613	0.033	622000	364429	4657
															'MFSD10'	0.613	0.531	2157491	1270165	4169
															'MMP15'	0.613	0.44	2020764	935288	3803
															'CKAP4'	0.613	0.411	2074530	978601	4951
															'LZTR1'	0.613	0.391	1773778	797866	5896
															'NEURL1'	0.612	0.487	2172391	1292106	4208
															'CX3CL1'	0.612	0.179	569763	25826	1264
															'KLHL26'	0.612	0.33	877474	419937	4541
															'PIM3'	0.612	0.502	985878	363796	3727
															'PTTG1IP'	0.611	0.344	2456945	1341628	3855
															'SLC9A8'	0.611	0.415	2230954	1099804	6377
															'NOP14-AS1'	0.61	0.374	1544434	720633	7045
															'DDX23'	0.61	0.295	2479624	1147597	5006
															'GRN'	0.61	0.488	1368826	717098	4951
															'PPP6R1'	0.61	0.517	3213679	1776024	4208
															'DHX32'	0.61	0.272	3330107	1941935	6536
															'PFKL'	0.61	0.552	2148275	1147053	4744
															'TPT1'	0.609	0.368	412011	238811	4417
															'PPP1R12C'	0.609	0.472	2289205	1144523	4868
															'GATS'	0.609	0.335	800842	250993	4745
															'SFT2D3'	0.609	0.362	710801	353871	3744
															'SNF8'	0.609	0.494	1556040	667456	5353
															'TAF6'	0.608	0.445	2216160	1085683	5744
															'CREB3L1'	0.608	0.239	1664795	879817	5840
															'REPIN1'	0.608	0.463	1378429	644088	4725
															'UCK1'	0.608	0.412	1551905	808586	4938
															'TRAPPC12'	0.607	0.436	375526	266884	4305
															'C9orf89'	0.607	0.385	978383	353093	1655
															'GANAB'	0.607	0.51	1708109	921798	4829
															'CIRBP'	0.606	0.317	2137491	982568	3984
															'DTX3'	0.606	0.529	2142358	1052300	7253
															'TRIM26'	0.605	0.313	2333380	928285	5643
															'CCDC97'	0.605	0.348	2326021	1218589	5115
															'VASN'	0.605	0.227	630159	301768	3666
															'SGSM3'	0.605	0.44	972414	415253	3964
															'SPNS1'	0.605	0.49	1090391	405113	2699
															'FAM210B'	0.605	0.346	2756131	1408776	5611
															'LOC407835'	0.604	0.41	2026288	865490	5399
															'CITED2'	0.604	0.483	2054732	1161864	5065
															'ETHE1'	0.604	0.358	1065812	330162	2136
															'PTPN6'	0.604	0.301	729168	386594	4905
															'C19orf66'	0.604	0.418	2455509	1427317	3743
															'CAPNS1'	0.603	0.131	2225212	1437248	3210
															'DALRD3'	0.603	0.391	1553346	897573	5269
															'LLGL2'	0.603	0.382	1049537	480931	5132
															'ZDHHC1'	0.603	0.516	1699781	827411	5138
															'TMEM63A'	0.602	0.123	2316105	1351322	5562
															'PIP5K1C'	0.602	0.355	1425549	805883	5078
															'PARP10'	0.601	0.419	1019625	351660	4776
															'SBNO2'	0.601	0.337	2140588	1088028	6055
															'COPRS'	0.601	0.43	1200332	684302	4893
															'ZMIZ2'	0.601	0.387	1461764	856232	4995
															'CAPS'	0.601	0.295	1104591	644152	5282
															'TOM1'	0.6	0.444	2470035	1117084	5949
															'DNAJB2'	0.6	0.44	1079085	447772	4930
															'NDN'	0.6	0.428	1337884	604423	4671
															'LAMP2'	-0.601	-0.315	2448172	1387401	3216
															'ENPP2'	-0.602	-0.321	974971	567477	6317
															'SDHD'	-0.615	-0.357	1126444	598021	3170
															'CD164'	-0.617	-0.363	2045767	1072852	5117
															'TMBIM6'	-0.618	-0.245	2768378	1412181	5496
															'ANXA5'	-0.622	-0.337	2339498	1230440	5396
															'ARL6IP5'	-0.632	-0.231	378975	171945	1663
															'PPY'	-0.633	-0.56	1798859	1098880	3837
															'PSMA2'	-0.633	-0.294	2134973	951428	4992
															'SET'	-0.642	-0.575	1780826	1014542	3670
															'VPS29'	-0.643	-0.279	2122215	1216016	3725
															'UGT2B17'	-0.645	-0.116	980389	388775	5423
															'SCP2'	-0.654	-0.35	2114887	863373	5329
															'ATP6V1G1'	-0.658	-0.517	1726884	1044752	5499
															'CAPZA1'	-0.658	-0.489	1748986	912306	5691
															'DAZAP2'	-0.661	-0.256	466861	5766	1188
															'DDX5'	-0.664	-0.556	1521556	752832	4240
															'C6orf62'	-0.669	-0.364	2338566	1346540	4437
															'TSPYL1'	-0.674	-0.553	1297759	537671	5208
															'PRDX3'	-0.676	-0.474	275347	106667	3515
															'ANXA2P1'	-0.678	-0.226	1088341	593137	3643
															'H3F3B'	-0.683	-0.536	2466951	1626855	4984
															'CNN3'	-0.689	-0.033	1424769	660137	5999
															'ASAH1'	-0.694	-0.389	2201723	781601	5239
															'SKP1P2'	-0.7	-0.364	1590086	337627	3924
															'ARPC5'	-0.714	-0.366	2348006	1286520	4899
															'B2M'	-0.732	-0.399	1440065	685844	4514
															'PPP1CB'	-0.736	-0.524	2323877	1411971	4876
															'SKP1'	-0.778	-0.43	1873665	743049	5692
															'SRP9'	-0.786	-0.605	1161311	714696	3426
															'SDCBP'	-0.799	-0.284	833657	378725	5481
																		2207873	898241	2992
																		1475534	624673	4100
																		2922750	1282877	5544
																		2415262	1114651	6628
																		1745473	878871	2973
																		1678092	851230	3284
																		2840872	1791527	4562
																		3220878	1976859	5193
																		1902141	764937	4093
																		2145471	1130561	4228
																		1059018	545530	5138
																		1481373	656379	7601
																		1165594	477065	2918
																		2660076	1071301	2740
																		2651708	1502947	5119
																		1255075	760266	3285
																		1965403	872010	5419
																		2709198	1121332	2501
																		1185480	452771	4854
																		2630732	1262348	6612
																		2726627	1250247	3410
																		1513375	747906	2814
																		1815654	797241	5652
																		2592244	1225842	5630
																		491861	7723	1162
																		1957296	630779	6061
																		2327091	1441669	4409
																		1447772	579279	5817
																		196607	107836	3965
																		2491312	1196537	3696
																		1803360	833793	3281
																		1503524	936564	2809
																		2720448	1429012	5163
																		1907618	904070	4775
																		480777	242853	6029
																		2011020	822031	5206
																		1763446	996839	3954
																		1766691	1025842	4515
																		2639731	1100769	5338
																		1920270	1198793	4747
																		1930106	843201	5670
																		2343707	1317433	4996
																		1312110	591212	4538
																		746912	301343	4656
																		1038445	603687	4563
																		1462821	731435	4541
																		2526405	1249479	3816
																		2529460	1536186	6912
																		1126615	616457	5549
																		1358538	659600	4900
																		2272380	1228486	3350
																		1502606	838139	4804
																		1612810	812630	3490
																		3424446	1654879	6462
																		1798456	685318	5302
																		1507893	781234	4963
																		587970	384801	3482
																		918348	654549	4176
																		282703	35428	1038
																		1276330	753413	4018
																		2166290	1331606	3576
																		997847	581708	3609
																		1293983	722106	3767
																		420851	75299	2431
																		2498785	1558552	5077
																		2504844	1518827	3976
																		600949	309916	2717
																		3112168	2044839	4412
																		80668	36971	1736
																		880487	497966	3149
																		1105884	705927	3572
																		2041125	1338503	4799
																		5128201	3378011	6318
																		3654384	2449290	3948
																		1481060	965151	4908
																		4629946	3195217	5311
																		3386434	2123288	4876
																		1430710	872947	4939
																		3164537	1982041	4941
																		3710247	2591892	4862
																		2106397	1340448	3170
																		325580	203131	1530
																		665093	454945	3765
																		1456435	848041	4932
																		2819032	1846397	3823
																		652905	345888	2693
																		428214	269671	2843
																		690955	438374	2310
																		849266	545280	3752
																		712042	369734	2212
																		946274	590170	2706
																		1699531	948585	2763
																		198751	134187	3591
																		732468	417356	3552
																		577492	153605	1302
																		1130914	606325	3502
																		335021	174787	2345
																		1105424	755336	4735
																		2107850	1229151	6594
																		4753907	2816481	5689
																		1413116	650911	3912
																		1189404	747401	5357
																		1116025	741099	2730
																		2761532	1580552	4742
																		476586	50727	1681
																		315420	174502	2707
																		262937	128831	3220
																		477125	188934	5048
																		2170822	1459719	4131
																		692250	351534	2186
																		2146093	1482764	3629
																		961130	536465	3416
																		1894918	1289890	4531
																		4022153	2543970	5558
																		394532	122950	2085
																		1574779	877129	3619
																		2673383	1832750	4407
																		1260605	899593	4045
																		1021552	704281	5444
																		900627	534489	3826
																		1927300	1322167	4515
																		2954562	1655071	4484
																		1532111	1065914	4223
																		1139534	737514	7033
																		1679306	1052923	2826
																		679066	288705	1021
																		487888	341192	4621
																		277185	177042	2752
																		394202	236931	4012
																		107303	59521	4484
																		196211	82134	3152
																		876424	508644	6058
																		1036296	682096	8298
																		642935	343066	6761
																		211840	115986	5939
																		1006946	632356	6639
																		821974	530395	6944
																		1505404	813861	8113
																		489534	295973	7062
																		293862	102534	6759
																		2341025	1130708	8714
																		1956009	987369	6595
																		218673	144623	5365
																		104525	59528	6390
																		740157	441998	6675
																		111700	54724	5244
																		2947327	1748913	8311
																		984493	529818	8591
																		1483453	851966	6989
																		1879482	1094021	5253
																		62661	40909	3862
																		2792339	1802248	6508
																		1577520	937790	6564
																		979619	483751	6428
																		352779	209983	5350
																		322461	193648	5892
																		2961545	1779902	7663
																		1018227	722220	5015
																		1268164	711351	5231
																		391853	206168	7801
																		533958	304453	6532
																		3091888	1689108	8007
																		374927	220096	6295
																		233478	106547	5252
																		109322	66503	5193
																		186188	96266	1532
																		423928	240687	5205
																		3531727	2135640	7374
																		479345	295544	5600
																		365980	176167	6566
																		1461019	592744	8240
																		182161	117268	3779
																		1374830	891631	5341
																		145850	77600	5267
																		1773215	1011922	9477
																		543222	271734	3393
																		256620	163323	5300
																		648460	381131	7351
																		2907794	1834999	6763
																		118404	71027	6123
																		741553	416506	6803
																		1071279	481912	6134
																		73665	41927	5148
																		1099962	616416	5189
																		201479	111870	6625
																		1995538	1157662	7890
																		577306	297531	6850
																		2032500	1160889	8671
																		837011	410436	5907
																		567591	342319	6787
																		237443	142823	3718
																		258117	131924	5489
																		1892229	1012163	7610
																		1661776	1052593	7165
																		302057	163134	6221
																		1582737	960972	6205
																		698020	383969	7782
																		1089447	597029	6969
																		3595715	2259016	7564
																		596658	354827	7021
																		1812660	1048944	6523
																		3374864	2022881	7877
																		735613	394060	8325
																		1105194	543787	4724
																		354422	154842	4213
																		393023	114086	1638
																		449765	249172	7007
																		995737	601256	7760
																		2113216	1233186	6558
																		1634140	988067	6530
																		1059552	565543	6250
																		141815	87038	7642
																		305649	179589	6266
																		107232	58967	7264
																		4878408	2465102	7941
																		125945	76342	4838
																		660565	278306	4956
																		744570	499124	7234
																		452480	230908	5645
																		639605	362042	7889
																		156041	87392	4931
																		87173	41708	1194
																		1525589	971144	6529
																		518794	264266	7951
																		150261	75872	5987
																		54055	29327	5624
																		166601	104477	5570
																		51793	30486	3761
																		306803	170909	6485
																		3001983	1906850	6297
																		170530	89947	4522
																		6495641	3794272	9963
																		649602	368533	7256
																		478702	224819	6888
																		1131434	442816	5766
																		6585561	4265873	6447
																		369489	180474	6686
																		59957	33535	6556
																		252248	170285	4577
																		198525	126649	5383
																		1714894	1031673	8309
																		1009369	641404	5976
																		1306237	808774	5758
																		1319991	727141	3926
																		547225	336656	7773
																		766601	448278	8109
																		408183	223335	7135
																		78703	44590	6306
																		1553685	979660	6244
																		3663350	2166187	7359
																		307955	186850	3919
																		321902	185858	5727
																		3078873	1773138	7958
																		1452843	820626	8577
																		359729	194022	7180
																		1428076	645188	3272
																		424631	263951	6132
																		1691199	913642	7497
																		812340	300635	7672
																		2011652	917346	6631
																		154782	96072	5216
																		1473093	805664	7306
																		771576	469377	6235
																		124810	77683	6815
																		117387	66473	3697
																		224026	111286	4270
																		826343	491966	8180
																		2380779	1293048	6628
																		1784543	660646	6008
																		254773	146564	7372
																		814663	489152	7128
																		367448	173753	5791
																		572841	363627	6140
																		292829	143798	6922
																		814852	497855	7689
																		3985838	2446446	8106
																		783278	442448	5906
																		69441	35186	5126
																		1937434	896918	7291
																		78707	34588	5510
																		1682218	1194879	4989
																		507249	270233	5890
																		106812	66898	5987
																		475858	327652	5047
																		187914	95843	7254
																		2006037	1275855	6251
																		187482	100160	6432
																		6889904	4174397	6161
																		408264	231785	5708
																		455324	284932	6090
																		328491	204451	5915
																		208844	118712	6409
																		918344	503882	6847
																		700330	380352	6884
																		1187570	570963	7009
																		2833903	1716485	6912
																		8373688	5168373	6707
																		241770	151982	3515
																		2619744	1357230	7594
																		254336	153950	7660
																		183691	101001	7190
																		2976400	1621285	8962
																		1584548	875157	7652
																		194706	114699	5617
																		722031	430417	6252
																		141001	76655	7055
																		1572103	860099	6934
																		457118	237523	7595
																		85946	49478	5256
																		139071	89502	5305
																		1727691	952171	7351
																		1106859	561006	8962
																		3490992	1531756	6318
																		729914	461956	8183
																		7135611	3669891	7336
																		9472770	5136301	10029
																		620709	320752	7051
																		2418113	1486106	7288
																		422607	258965	6554
																		815860	424742	7607
																		456495	267470	4544
																		1365144	860808	5943
																		1223258	695944	7611
																		1417880	727451	7456
																		808525	465090	8224
																		861097	474025	9357
																		721454	442660	6764
																		271474	170396	5992
																		319060	57569	1529
																		57261	26833	4414
																		1472264	969270	8757
																		1000341	602322	7895
																		1886506	1155136	7764
																		428153	213636	6659
																		194840	109750	5957
																		1086755	657678	7617
																		457354	251099	6846
																		3117583	1893594	8124
																		77755	46696	5017
																		250923	136868	7635
																		1186090	520752	3325
																		162292	85826	5267
																		1270538	758781	7518
																		2760326	1531912	7338
																		1092650	565786	7553
																		531878	330763	5604
																		93479	53077	4570
																		107275	53728	5533
																		1627445	982023	6460
																		772308	421600	8210
																		720868	469555	5250
																		598685	369157	7383
																		1587301	1005644	6935
																		1426967	739682	6391
																		1599010	1013290	6340
																		617757	379275	6119
																		52054	23690	2249
																		534260	317167	5882
																		607675	368709	6276
																		230326	153232	3892
																		3917340	2573962	7195
																		2349174	1312391	7812
																		1569559	836131	7144
																		5256571	3163771	8372
																		1289309	799969	4632
																		429539	278503	7058
																		265481	162079	7203
																		3592734	2380888	6512
																		207248	97290	6648
																		314576	161502	6275
																		266815	165315	3427
																		1866729	1065470	6565
																		903370	421514	6209
																		257935	138856	7741
																		1573558	960808	7376
																		963119	424000	7647
																		822031	473773	5468
																		360185	177923	6076
																		1780146	1008722	7733
																		2167128	1302532	6321
																		288250	175239	6335
																		810446	381706	6517
																		298155	111517	1914
																		151821	72163	5605
																		90417	43225	4928
																		797074	478060	6005
																		3050971	1731719	7952
																		1518889	808192	6268
																		560713	309827	6007
																		643872	329148	7568
																		2812313	1783468	5736
																		950143	588046	7190
																		2606201	1316995	8474
																		144065	53165	3976
																		366609	201978	3338
																		117307	54498	6433
																		605472	340282	5697
																		1059065	527930	6225
																		703218	347887	6037
																		693952	403107	7467
																		116220	67759	6176
																		1552899	852079	7878
																		536569	311172	7677
																		485925	290421	6567
																		187708	68050	6370
																		137495	47022	6430
																		219536	106235	6471
																		412146	148889	6390
																		314044	109618	7984
																		999592	475954	9031
																		2290447	946212	8225
																		358884	163280	7146
																		387082	178706	8431
																		345197	102302	7768
																		315591	131791	8068
																		492178	135582	7525
																		815954	339945	8867
																		757623	273638	8791
																		390451	163064	8394
																		220842	93070	6450
																		154997	73238	7417
																		627560	269745	1531
																		7153891	3158659	8804
																		1096240	475145	8421
																		2481445	1112949	7540
																		819918	311609	7841
																		882416	297765	7618
																		1840639	684144	7845
																		945582	462606	7401
																		189036	89943	7183
																		438945	145281	6739
																		89660	39883	5747
																		80288	34385	4961
																		592153	200700	8112
																		1526384	608846	8417
																		57232	18983	5262
																		731804	285601	8739
																		321629	99262	7946
																		271163	112675	8001
																		804163	295274	6692
																		904930	373635	8915
																		234336	83412	6881
																		1161008	569333	8654
																		2262141	708928	8479
																		3285161	1197499	8671
																		611904	172118	7854
																		143943	67660	7246
																		2129310	766667	9438
																		459813	215413	9196
																		1121798	473631	9049
																		594729	189586	8215
																		744323	201940	8200
																		353463	155866	7967
																		1053658	533558	7092
																		535004	165721	8093
																		75179	24308	4970
																		1223860	388797	8121
																		1687143	684607	9492
																		552016	163428	8726
																		110683	45413	6878
																		831328	208160	7487
																		1855505	770686	8744
																		491601	214866	7861
																		2210209	855012	8344
																		1969491	860579	9332
																		606525	278017	8158
																		498033	171189	8222
																		382659	177766	8468
																		313418	104234	6829
																		2285800	750924	6988
																		522337	231105	8818
																		838239	353164	6884
																		153015	53566	1509
																		140117	58871	7467
																		76217	40487	3447
																		480204	188783	8547
																		2421869	891481	9329
																		1615469	615148	8709
																		1267351	382049	7855
																		423514	90379	7243
																		276961	115962	7711
																		1263492	558953	8808
																		1009652	365082	9206
																		1428722	430036	7899
																		1412172	514179	8002
																		3974365	1286999	8181
																		1124285	449472	11006
																		1681788	565053	8033
																		488300	235653	7782
																		175677	69567	7499
																		2247588	1066186	8709
																		1610057	588404	8912
																		4196057	1460045	8834
																		739484	286635	7520
																		888160	341006	8943
																		420768	186929	8773
																		6868201	2221250	8678
																		1617008	609625	7584
																		155216	54026	7154
																		2247697	1131706	8324
																		704738	218526	7472
																		341657	147640	8522
																		816662	250098	7279
																		1325281	482012	7791
																		5223182	2144250	9066
																		353775	126391	8047
																		720403	283832	8529
																		3048063	1077351	7087
																		214069	76011	7800
																		409600	173562	7551
																		1454427	468843	8350
																		686627	247527	8521
																		851015	301749	7773
																		1609894	480679	7849
																		1640274	575073	10451
																		2614756	834230	6411
																		212581	74496	7960
																		332967	126128	8099
																		1202304	429687	8501
																		772908	140749	6664
																		103512	34410	5771
																		2503407	1179200	7347
																		200162	62642	6012
																		1741047	558731	7877
																		792404	311540	8250
																		1271557	512516	8877
																		1034967	494912	7596
																		145162	49032	6034
																		178894	58414	5696
																		141367	58133	7368
																		89160	33273	6410
																		156645	43492	6185
																		192388	107228	5335
																		73788	34316	6023
																		1673936	559700	7937
																		336486	112738	8852
																		225347	117650	7158
																		1206946	556520	7276
																		136473	44641	5965
																		5092890	2175247	9526
																		84666	32380	6356
																		770259	355538	7902
																		817340	287312	7459
																		236815	119655	7529
																		178626	53654	6600
																		328543	115329	8009
																		750191	296040	7675
																		1222981	576451	7236
																		1328916	402214	6860
																		2024899	844187	8614
																		1661808	621312	7252
																		100938	38276	6006
																		2287613	1019537	6703
																		114515	48446	6261
																		530671	205968	7278
																		683440	310262	8311
																		146791	60057	7023
																		861946	297786	6917
																		258299	88909	7525
																		1118197	341070	6771
																		1266224	526294	7461
																		429853	177775	8100
																		347242	158972	8140
																		1302513	451558	9545
																		527847	241523	8688
																		302392	120568	8315
																		241037	106446	6869
																		1931479	948371	8842
																		98726	28832	5634
																		4999286	1818636	9083
																		278950	97734	7417
																		513287	189681	7483
																		1030680	285933	7014
																		2604473	1192852	8054
																		1747226	598785	8332
																		1277368	548325	8525
																		1221344	340259	7409
																		306198	126469	7341
																		375260	170137	7800
																		423578	203196	8371
																		906786	431559	7714
																		629477	234298	7956
																		711733	211696	6904
																		1115028	387314	9054
																		186636	71508	7538
																		719917	244221	7058
																		2274225	1010709	7407
																		486134	177502	7457
																		1001068	461889	10059
																		961387	304459	8689
																		243254	84158	7124
																		903622	264549	7319
																		1508091	617269	7988
																		553061	198080	7309
																		939060	177685	1400
																		789705	277195	9206
																		2065133	861760	9921
																		531759	239382	7952
																		655763	242366	8347
																		318384	152854	6740
																		509113	238770	7316
																		2219665	765143	10217
																		937124	385408	8180
																		79057	29327	5537
																		280928	92006	6382
																		571941	252401	9184
																		1043615	451450	8850
																		493451	152078	7697
																		804048	264619	8531
																		3672724	1410153	8811
																		121113	44286	7030
																		343314	131883	8002
																		1247654	524976	7096
																		281504	96390	6966
																		317975	114717	7730
																		1794464	761506	8626
																		1693042	619881	8426
																		773439	274497	8047
																		548248	201017	8891
																		477156	149782	8213
																		1613868	718192	8044
																		2310121	670293	7204
																		371805	183892	7861
																		186282	91208	8109
																		2487560	817180	8708
																		800478	272049	7339
																		1062991	448534	9778
																		1379033	327483	2166
																		941895	481483	8189
																		235875	73653	7397
																		1030231	380671	6270
																		734733	238164	7709
																		1111601	487864	8092
																		73830	24446	5006
																		205709	80602	6862
																		887931	307820	7061
																		110833	29630	5549
																		601076	257494	7975
																		659675	275095	6837
																		866069	389872	7041
																		1416601	618853	8291
																		131404	39163	6023
																		2104071	751993	7229
																		3397012	1338141	7843
																		420444	129247	6982
																		740564	257203	6636
																		1055165	432920	7643
																		938905	295982	7230
																		249973	83133	6223
																		1316482	315597	7245
																		334163	122518	7354
																		271531	77516	5597
																		890837	280038	8426
																		155277	37225	5054
																		988245	271814	6983
																		1971344	516108	7950
																		121408	41595	5304
																		792852	237745	7104
																		856906	290350	8561
																		219831	52872	5347
																		193057	54208	5557
																		2529003	1061825	10427
																		117970	41246	5383
																		1669450	624786	8915
																		1608180	530744	8767
																		529392	170169	7476
																		309498	82654	6822
																		210829	71606	7369
																		507996	185103	8589
																		695083	169527	6775
																		142910	48752	5948
																		1390182	533473	6567
																		255008	71355	6361
																		473141	145043	7489
																		96701	38180	6471
																		130605	46173	5737
																		265648	81175	6700
																		657211	206536	7420
																		599762	227433	7195
																		927583	286509	8158
																		665016	192896	6687
																		1346270	386993	7529
																		308548	74289	5952
																		1270912	448556	8160
																		300298	85260	7588
																		892805	287821	7570
																		842724	316317	7349
																		1138655	370104	8549
																		229604	60498	5484
																		395724	166568	6573
																		738676	209253	6815
																		287554	101334	7702
																		323746	96145	6672
																		154934	51575	5843
																		556348	161849	7008
																		342273	142081	7172
																		935099	257945	7851
																		486073	113476	6645
																		646591	164910	6654
																		215329	46681	5177
																		885649	304949	6122
																		1187274	339537	7536
																		569293	224452	7313
																		2279369	633904	7653
																		341976	117835	7123
																		1268995	415441	8864
																		1019466	320440	7355
																		339197	136693	8472
																		887207	245620	6936
																		166301	72978	6886
																		63349	20376	4057
																		1158950	394169	7560
																		388190	108342	6560
																		639760	246509	8274
																		198377	52903	5798
																		58904	16768	4178
																		1053428	308471	6761
																		279965	72617	6257
																		1078558	477162	9962
																		546187	166576	8518
																		1071917	406318	7815
																		308398	124783	7702
																		995868	400768	8725
																		421800	114221	6476
																		956353	247480	6687
																		2981537	874621	8233
																		1868220	567835	7498
																		690492	194418	6972
																		724536	223342	7529
																		276030	96888	6298
																		1675219	467399	7207
																		178893	61981	6747
																		260432	85164	5402
																		1430042	584556	6967
																		1168086	312010	7458
																		597190	177253	7171
																		1480495	503504	7666
																		882073	262224	7052
																		147716	42349	4986
																		211513	49023	5926
																		862290	255376	6737
																		87862	24006	4499
																		787837	225532	7793
																		1047543	420250	6273
																		209861	95740	5649
																		1569866	576773	6906
																		943102	317723	9102
																		1394079	379804	7459
																		689277	220648	6916
																		574009	230445	6499
																		545664	180824	7083
																		158591	37719	5331
																		692017	182796	6160
																		1607622	495029	7696
																		708190	239924	6795
																		590491	223508	7334
																		946029	381099	8673
																		804676	198175	6840
																		194918	53514	5918
																		182717	59516	5771
																		174946	55275	6079
																		578000	181275	6895
																		1172203	382220	7380
																		410716	147018	7249
																		917469	354486	8880
																		52950	15287	3889
																		266378	74524	5776
																		1002870	369346	7287
																		1529975	619987	7639
																		489222	109772	5928
																		1011234	420102	8647
																		89892	28528	4469
																		496374	117741	6660
																		101846	26241	4710
																		388438	103241	6345
																		372367	127010	6340
																		135578	31567	5000
																		1546506	542786	6933
																		921224	314485	6705
																		1480253	527904	7416
																		86323	22583	4557
																		864492	267774	7524
																		519519	170109	7046
																		628921	224448	8924
																		658421	209927	8636
																		750085	275057	8523
																		726589	236066	6551
																		838063	252197	6981
																		318378	79379	6254
																		734131	329680	6178
																		446280	134772	6503
																		670003	183132	6866
																		60351	18906	3999
																		887206	305157	8378
																		689286	213300	6822
																		466842	116600	7279
																		110844	31799	4804
																		241963	77626	6033
																		1028027	294346	7099
																		420506	148828	6887
																		361773	127082	6806
																		85729	33929	5384
																		275505	98904	6105
																		191069	69062	5915
																		470259	156232	6955
																		822449	252119	6675
																		1584973	671109	9002
																		78430	13599	3171
																		823289	221649	7029
																		348051	76741	5877
																		1275182	466981	9067
																		143941	45660	6052
																		900858	304635	7179
																		1351502	475527	7796
																		81160	29477	4849
																		412866	156144	9235
																		1164624	479418	6253
																		870728	260690	6982
																		347267	110931	6718
																		916671	332257	7844
																		608126	155395	7070
																		295224	101547	7202
																		174075	39535	5220
																		1723026	423924	7324
																		682071	186645	7444
																		845399	199780	6219
																		1057661	364512	7806
																		649983	155605	6761
																		881998	277132	6603
																		1466777	420771	6976
																		480594	143161	6368
																		108456	32564	5098
																		589466	212396	8361
																		686816	203961	7326
																		356566	111941	6739
																		987593	386413	8427
																		398730	120406	6587
																		815434	247303	7473
																		664533	292960	7902
																		1116680	254168	6718
																		53794	15381	3878
																		54283	17041	4514
																		388395	148903	8341
																		55748	20198	3637
																		560890	266933	9843
																		81277	29972	4610
																		70318	32473	6009
																		1804715	747263	7798
																		76731	28051	5598
																		100011	41811	4622
																		214173	78422	6653
																		2358437	663112	6866
																		111376	53368	5914
																		225391	86959	6246
																		107121	31177	5773
																		145542	60005	6284
																		193151	52073	6154
																		65516	23335	4907
																		468445	189968	7933
																		479830	154296	8283
																		723483	364318	8709
																		181911	59514	7121
																		392458	100895	5499
																		483728	158866	7137
																		1583182	399480	5828
																		111377	33678	5285
																		104122	30841	5247
																		136526	53761	5337
																		1361086	436915	7643
																		718904	214959	7288
																		621597	166308	6545
																		65960	20985	4366
																		3458008	1363233	7590
																		92121	35161	6151
																		1322550	469493	7441
																		611766	251622	7350
																		164870	67829	4775
																		2369230	830872	8816
																		173933	49981	5936
																		174552	71762	7287
																		151653	52064	5934
																		234056	88294	6811
																		236551	72035	6817
																		427513	135598	7763
																		758398	211709	7353
																		128164	53560	6247
																		347272	125313	6557
																		1664562	506985	6809
																		159926	44357	5564
																		1607929	469024	7004
																		375618	128840	7024
																		2351609	714866	7020
																		851735	337997	8350
																		1575821	554627	6985
																		136706	38572	5215
																		103508	42261	5921
																		114378	35397	4872
																		388024	105482	5974
																		2291246	817188	7663
																		891991	182580	6442
																		569397	220994	7279
																		343586	150672	7321
																		1058941	392637	6482
																		196721	71634	6392
																		508146	235174	7537
																		94202	30949	5608
																		347263	148600	8181
																		2126767	637297	8209
																		2239774	554021	7445
																		117581	39116	5789
																		237704	84956	6400
																		468046	152738	9100
																		438652	127597	7115
																		99563	22758	4313
																		714242	214209	6439
																		86986	24160	4593
																		814699	341840	8928
																		145555	44763	5171
																		181396	58352	6437
																		69427	21885	5359
																		791224	190746	6508
																		320923	151048	7963
																		1315449	437829	7372
																		97337	36730	6000
																		543172	177441	7382
																		1570025	747237	9481
																		79727	25162	4641
																		432504	165385	7376
																		1850357	548277	8341
																		612989	279833	7017
																		481951	174289	5656
																		168058	65751	6915
																		127132	43501	6101
																		2888283	1196241	8641
																		607765	229339	7233
																		403737	175978	6520
																		1427701	425431	7658
																		785156	222368	8013
																		128914	41780	4614
																		831582	58219	1525
																		648619	331404	2880
																		1514761	595421	2252
																		999494	453539	2906
																		863090	342278	2616
																		631553	192576	3489
																		1155709	455709	3373
																		1078022	578144	3139
																		113889	31647	2595
																		526412	241370	3551
																		959682	419120	2500
																		618227	268174	3534
																		855007	281359	3352
																		472923	185862	3036
																		884751	418206	3490
																		495216	220989	3656
																		1061792	421005	2555
																		641590	399230	3490
																		910781	535754	1683
																		629585	297643	4649
																		992553	536989	3263
																		800084	379110	6390
																		1019574	407345	2626
																		1179698	542327	3922
																		682426	397511	2250
																		382041	194451	4137
																		548859	283875	2659
																		662705	323161	4109
																		1641090	360145	3180
																		690777	263808	3255
																		1154148	626218	3492
																		688960	394516	4441
																		1386495	666701	4324
																		594717	317460	1691
																		859583	387047	3305
																		692802	239441	3072
																		1268520	619046	2074
																		386218	145323	3644
																		1200379	509161	1964
																		993001	368411	3536
																		725804	281201	3663
																		352802	149877	2872
																		839622	500726	2762
																		831998	316180	2670
																		1132380	515756	1892
																		1174621	441976	4294
																		831475	347050	2785
																		753163	290255	2840
																		880065	380242	4059
																		591574	280444	2470
																		974994	449800	3706
																		792547	323595	2636
																		925649	468507	4111
																		810271	394263	3503
																		865751	388931	3327
																		396095	178090	3981
																		413293	151188	3557
																		902885	440948	3165
																		1170493	474888	2999
																		1123940	521774	3411
																		985296	542464	3646
																		943400	468851	3588
																		692195	385954	3472
																		1237180	592845	2962
																		979903	423201	2239
																		541151	185984	1827
																		429229	224395	2090
																		831667	376337	3476
																		853945	486342	3491
																		703073	420023	3489
																		787641	308022	2393
																		517883	284173	3432
																		396209	172685	3111
																		451409	172764	3076
																		796720	490041	3855
																		839343	523200	3530
																		907568	343884	3438
																		730099	398849	4453
																		491928	186252	2639
																		406006	177469	2906
																		592594	306193	2384
																		547184	271500	2326
																		892274	518224	3259
																		417081	245936	3519
																		583688	261205	3440
																		977609	545015	3448
																		1068986	580171	3825
																		713982	366885	3388
																		151619	57114	3047
																		890445	550781	3005
																		740774	399832	3543
																		794359	456569	2888
																		542483	227241	1746
																		436081	173922	3678
																		1200790	681136	3370
																		269673	100117	2387
																		1121856	461989	3111
																		631204	349882	3316
																		731227	197853	2993
																		1054375	574549	4195
																		876852	507813	3195
																		323329	169241	3371
																		1022832	502778	3372
																		415617	187920	3633
																		794745	379562	2885
																		742612	329816	2821
																		500511	249658	5997
																		1422823	790505	3428
																		643088	339036	2901
																		1153421	633015	2433
																		728348	305623	2698
																		688705	317199	3412
																		922904	446124	3496
																		1432623	747192	3739
																		860367	422248	4584
																		977538	399406	3118
																		655528	248535	4188
																		1380327	643290	3578
																		1111824	491110	3847
																		1086205	510126	2233
																		728499	284922	3344
																		886231	292958	3335
																		935243	498320	3265
																		1043065	477540	4836
																		1314131	507220	2600
																		810630	366872	4477
																		835548	336514	2852
																		460800	122875	3186
																		858982	392801	4187
																		1027363	428999	3894
																		773848	434635	3531
																		869280	408294	3762
																		753169	367352	3507
																		661557	390215	2927
																		734068	381752	3394
																		598151	8384	1034
																		309225	143562	3064
																		949812	533122	3307
																		742228	285611	3521
																		387332	182261	1464
																		891826	362369	3032
																		1098534	507746	2256
																		661788	384396	2462
																		730949	344599	4623
																		416288	236957	2033
																		742023	324585	2984
																		827801	380897	3847
																		785296	451962	3536
																		553587	268890	2968
																		1337936	752166	3349
																		956377	511706	3479
																		1320016	676766	3289
																		787660	373790	3385
																		1055853	563382	3463
																		726128	351557	7091
																		600364	324280	2589
																		1398988	600587	2443
																		867698	428928	3469
																		714680	401755	2755
																		1293790	859212	3677
																		868948	360026	3452
																		634248	339360	3707
																		684859	298127	5190
																		561567	231433	3662
																		671173	309356	3650
																		456551	203708	3458
																		951878	472956	3116
																		791470	418121	4762
																		372930	180731	2717
																		1009349	538003	3353
																		1008338	543342	2823
																		905795	495676	3982
																		704114	343488	3089
																		698781	313689	3688
																		612638	345824	3088
																		1000291	457242	3829
																		932470	354132	3966
																		936855	349125	2451
																		913197	422343	2453
																		754986	324949	3371
																		1007832	435572	3245
																		872067	306294	3311
																		706128	320912	3620
																		625515	264110	5260
																		423901	217597	1523
																		932896	540570	2036
																		1239882	624017	3673
																		440093	26913	1661
																		772350	305079	3194
																		999188	548618	4153
																		622178	300859	2931
																		641863	337091	5256
																		791229	277921	3219
																		403033	199481	2636
																		800958	378215	2761
																		830746	409841	3936
																		1085803	566686	2744
																		1075971	556850	4313
																		654460	376514	2696
																		434853	230634	1652
																		973492	359332	2009
																		800658	366597	3920
																		706985	125893	2181
																		620305	308505	2738
																		987566	485962	5028
																		1375973	397925	3839
																		878586	420356	4034
																		367381	156852	3513
																		777696	270466	3136
																		443984	190367	3341
																		688953	380860	2165
																		814794	296240	3542
																		904729	466027	3030
																		799578	438744	3269
																		872937	506832	2650
																		731297	56296	1204
																		358275	174622	3361
																		632411	260417	3295
																		846607	358433	3133
																		622144	280789	3181
																		420658	204534	6597
																		458224	203213	6885
																		349841	163124	7061
																		1005127	330668	7027
																		321096	145029	6872
																		252202	132520	7419
																		264982	102664	6668
																		439493	232102	7144
																		527542	7807	1173
																		327990	178268	7831
																		335219	159477	7899
																		301683	171770	6940
																		369487	218636	7843
																		561183	262285	5848
																		777446	239068	7067
																		648293	302674	7083
																		424957	219317	6502
																		662779	10292	1021
																		1030147	411387	6289
																		613923	291558	8010
																		466414	281470	7159
																		406058	240887	7008
																		410660	239495	8026
																		455633	197938	6723
																		493000	224828	8483
																		715781	251450	6353
																		430028	142094	6222
																		848361	317141	8395
																		294791	132690	6807
																		1259227	676679	7097
																		1134379	335236	6894
																		504447	21923	2387
																		425302	193758	6540
																		633839	355684	6555
																		438897	224088	7008
																		399059	177393	6692
																		332314	149769	7123
																		513961	183863	6687
																		337122	147900	7084
																		412997	213137	6412
																		523425	256637	8112
																		274243	103832	7535
																		386779	193601	7366
																		736557	349578	6773
																		431303	218886	7324
																		480681	223552	7229
																		413927	231244	7861
																		433781	241289	6486
																		202825	114512	6892
																		414476	215004	8132
																		425641	151830	7829
																		647052	199024	6486
																		289358	142284	5828
																		338818	136437	8091
																		304030	106927	6691
																		577496	226941	7397
																		670402	250397	7365
																		471338	181095	6017
																		323738	137537	6672
																		396973	231022	8360
																		1217141	459394	7186
																		504139	258012	6504
																		366760	223562	7934
																		328791	177588	7735
																		785034	407423	8067
																		798701	379302	7597
																		986401	445685	8373
																		294481	162266	8098
																		923886	377953	6958
																		307302	174148	7681
																		807958	415737	7151
																		1134047	368759	7042
																		428731	200375	6308
																		980424	341251	5999
																		787448	407272	7392
																		417205	205406	7740
																		515693	276754	6066
																		235251	153020	6493
																		929978	285753	6285
																		947859	469491	7064
																		644547	330554	7205
																		379179	222006	6550
																		862634	441021	7069
																		1241496	459395	6958
																		1193843	352278	6863
																		803763	309852	7133
																		1076282	450533	6215
																		760391	341562	7160
																		977475	454661	7197
																		853764	290350	6779
																		391240	139323	4137
																		637259	227487	6698
																		741956	208667	6001
																		532235	203913	6853
																		1105094	410068	6899
																		446686	198027	6164
																		580899	199677	7155
																		886230	267018	4192
																		998922	377317	6595
																		238240	138971	8548
																		373338	190510	7588
																		390140	204442	6779
																		1180827	401611	6658
																		706529	268638	6654
																		460065	229915	7790
																		391504	163412	6806
																		577860	305652	8513
																		537202	189566	7441
																		650444	247649	7050
																		393578	182365	8508
																		461058	268930	6999
																		386486	195601	6726
																		856130	359770	7003
																		488028	267794	8250
																		900571	359627	6779
																		388148	210731	7150
																		724749	293753	7542
																		383660	160764	7550
																		319924	191327	6782
																		1120967	485514	7203
																		542963	232396	6586
																		599694	156520	1836
																		240646	145682	7047
																		515469	250132	7332
																		1128140	458865	6632
																		687341	256351	5778
																		247929	146639	6408
																		862320	375348	7654
																		172697	89998	7482
																		647077	252691	7600
																		978853	335362	6609
																		385786	230835	7861
																		465226	256042	7056
																		682737	251395	8419
																		403829	193367	7250
																		197966	99348	7266
																		1129636	453224	6536
																		658119	286141	5395
																		732582	324560	7126
																		441856	194316	7315
																		301410	163940	7862
																		597949	207557	7648
																		870444	331790	8665
																		488483	223751	6757
																		459509	250145	6882
																		620376	231823	6608
																		431706	233183	7203
																		364368	211421	6885
																		741415	276004	6670
																		820711	362085	7226
																		706359	264772	6456
																		448926	267979	6602
																		218449	127382	6347
																		723883	234374	8307
																		265897	136218	6526
																		633797	234626	6434
																		347170	160443	7806
																		562594	358774	5416
																		899478	316024	6387
																		439801	192044	7004
																		657566	285973	7069
																		680814	334582	7415
																		537385	224907	8599
																		356995	178271	8219
																		346065	184387	8143
																		395394	208968	7526
																		440691	153101	7641
																		814219	307131	7033
																		500898	254790	8257
																		508004	242278	7698
																		926828	352701	6782
																		455444	210902	5044
																		266275	133961	7682
																		381812	198062	7564
																		780580	303371	7130
																		330135	154709	6297
																		623058	233049	8327
																		411436	162386	5176
																		1214670	347748	6940
																		396079	153286	8062
																		935836	348188	6393
																		1242813	460773	6368
																		260570	136307	4195
																		768056	383589	7893
																		428619	230362	8118
																		429046	139273	5193
																		634464	232128	7083
																		131518	84653	6091
																		929293	465896	8544
																		563428	192022	6762
																		515959	212627	6786
																		1028615	411715	7314
																		553301	233455	8212
																		438326	223623	5707
																		257734	131054	8480
																		713185	376405	9294
																		335470	156887	8236
																		554413	265901	6468
																		367211	132979	7242
																		435877	215036	6373
																		363288	168639	6188
																		197237	104106	5947
																		218898	125652	7249
																		504660	229793	5597
																		854766	344020	6547
																		450681	217821	6437
																		418536	206708	7379
																		387520	145438	6011
																		749437	414646	8111
																		871728	301990	6623
																		365872	218060	7707
																		336333	193355	7725
																		807332	355639	8244
																		842106	374060	8205
																		219410	111943	7259
																		928551	347446	6829
																		347117	130942	8624
																		555957	245710	6848
																		903798	390779	6606
																		1143421	427009	6983
																		876145	443816	5997
																		338737	175586	7047
																		335135	181221	6958
																		484321	237761	8918
																		799876	326013	6602
																		393400	220942	7774
																		572121	308814	7503
																		357243	199475	7121
																		426395	249238	8349
																		335386	172272	8572
																		350529	212055	7040
																		656652	278090	5739
																		608167	245099	6382
																		164856	90509	6245
																		756503	315697	7428
																		518607	216421	7264
																		288256	140301	6927
																		332037	182301	8699
																		357234	168040	8255
																		683970	325928	7990
																		605064	238582	6073
																		423427	183935	6222
																		1152532	525576	8830
																		352073	178321	7368
																		1298626	501900	6974
																		573324	230484	7477
																		257076	150081	6965
																		415354	223694	7969
																		367003	201446	7237
																		728340	292683	6158
																		749442	335204	7270
																		172023	105349	7219
																		500894	201393	6059
																		586457	197313	7466
																		1078104	352761	7075
																		397358	196584	7049
																		546707	311098	6914
																		285456	148504	8304
																		961462	270897	7248
																		451074	246557	6853
																		328000	160087	7836
																		322646	149655	7931
																		352752	177026	8201
																		352451	134236	5270
																		720518	217894	6756
																		439314	206295	7461
																		403026	181879	3239
																		776880	286432	6506
																		466263	267486	7863
																		840125	321348	7257
																		667973	225792	7217
																		480209	31267	1102
																		1040797	561438	8188
																		940770	359393	6639
																		843624	313914	6721
																		917405	383536	7397
																		389480	197909	7901
																		508536	157682	7261
																		752937	300549	8417
																		442653	187073	6804
																		676607	360516	8384
																		772810	326455	8510
																		260286	144765	7306
																		628222	310823	7412
																		174688	72965	7199
																		348059	190846	6958
																		963628	347342	8573
																		490828	247692	7126
																		769771	289223	6602
																		675325	264831	8535
																		400553	169500	6825
																		224350	69809	6738
																		1004532	303300	7102
																		346327	166729	8846
																		281055	172501	6451
																		1064718	574640	8425
																		431561	151057	6203
																		767968	410823	8355
																		740547	351899	6592
																		620744	210330	6595
																		642697	256010	6245
																		400700	207870	7802
																		320955	149576	7698
																		480185	293298	8531
																		141222	69137	6156
																		264408	130763	7560
																		398748	215061	6983
																		374128	221513	8317
																		483969	182271	6764
																		428612	204309	6397
																		378156	162304	6373
																		542952	286614	7769
																		336570	93875	6212
																		1003902	539989	7212
																		425895	251247	7699
																		722659	382778	7708
																		877165	315810	7143
																		291221	158608	7232
																		233357	137773	7105
																		449032	228775	7524
																		780685	293974	6579
																		253788	143103	7056
																		350245	183918	8365
																		353416	216152	7717
																		339818	186220	8755
																		725779	345928	7929
																		680486	7094	2038
																		1073293	461537	7507
																		845231	316871	6664
																		1032425	619114	7140
																		1239242	464296	3833
																		1218414	528003	6877
																		958812	368664	6545
																		855374	290576	6801
																		318895	136326	6973
																		279815	120830	7502
																		591340	241549	6685
																		678991	285503	6848
																		537763	187897	6859
																		644288	252323	7309
																		348931	196307	7887
																		236867	128886	7776
																		477632	234271	8156
																		522708	302172	8375
																		628761	200296	7150
																		389025	165510	6961
																		251832	150924	7244
																		992841	371850	6840
																		487461	186940	6656
																		878470	379856	7048
																		377721	194995	6524
																		143141	45594	5615
																		375213	201909	7044
																		1101779	540072	6871
																		67085	29959	5901
																		247325	85379	5754
																		510898	255297	8649
																		332341	152748	7050
																		506158	223315	6484
																		483815	222551	7550
																		397762	215371	7676
																		978568	369085	7021
																		369514	216663	7723
																		1006305	401005	6282
																		620756	177057	6649
																		819217	275649	6717
																		593846	228071	6713
																		860689	311852	6036
																		644323	295433	7498
																		774315	433998	7487
																		1067102	565919	8390
																		611613	204328	6471
																		466176	229222	8649
																		705524	286649	8766
																		362215	222568	6973
																		695474	263732	6483
																		456359	251556	8654
																		277200	153490	5900
																		650459	190686	6263
																		345290	206103	8564
																		326643	164525	8075
																		384900	165550	7590
																		463330	165932	6720
																		324348	170472	6838
																		337576	151302	7599
																		285942	138240	6766
																		483140	277635	7264
																		306852	188647	7580
																		851864	323058	6589
																		579292	221936	7624
																		287676	169003	6274
																		719963	269435	7199
																		309462	130454	6596
																		314278	117001	6798
																		287283	166543	8014
																		750942	309028	6856
																		339641	177507	7553
																		1262248	408172	7198
																		1036483	476257	7008
																		644016	244587	6934
																		397796	209655	7985
																		283833	159559	7989
																		366836	148129	6213
																		455324	225657	7861
																		785296	303753	8408
																		299821	147170	8208
																		849015	277184	6605
																		888923	451580	8501
																		373463	130343	6635
																		255536	133532	5906
																		413436	185623	7424
																		350325	160793	6908
																		664232	313787	6879
																		325923	150766	8887
																		752874	268978	6560
																		174616	86562	7198
																		321919	171189	7595
																		383184	120292	6643
																		520762	261814	7016
																		947975	362698	6652
																		606278	19601	1053
																		842611	390997	8640
																		410689	205400	7050
																		214009	95172	7443
																		449754	179610	6330
																		458484	286604	6371
																		785591	258504	6774
																		528014	255343	6166
																		1009832	466193	8017
																		341971	184939	7615
																		644777	339157	7464
																		417125	172979	6591
																		436087	6072	1026
																		337953	153358	7383
																		544799	220069	6999
																		543074	312719	6601
																		385751	185722	7958
																		431121	193660	7295
																		1036771	330157	5318
																		644996	224494	6932
																		1159709	469936	7525
																		594122	271616	6380
																		360875	180270	6624
																		981140	405057	7593
																		577625	273157	6662
																		601334	282702	7328
																		412490	206210	6192
																		913411	292023	7239
																		1048716	364089	6849
																		616830	281757	7168
																		834870	447543	7426
																		842790	323613	7123
																		1019248	432075	6955
																		187733	96718	7443
																		918488	272200	6617
																		907417	293581	7238
																		294938	131493	4580
																		755681	277809	6872
																		368688	156448	6349
																		437482	215574	7205
																		848531	325310	7315
																		485463	193952	8188
																		753799	376069	6880
																		426043	247191	6164
																		320523	204483	7521
																		624477	285596	6818
																		896012	427080	6930
																		268332	154949	7981
																		1246562	388946	7008
																		200844	93134	6174
																		283497	139698	6826
																		930428	485670	8011
																		267823	116250	6085
																		1134984	471194	7167
																		515067	205390	6995
																		393351	218440	6547
																		354502	197446	7384
																		474216	233675	8549
																		872867	441817	6469
																		379355	187725	8481
																		521591	212952	6738
																		487986	263853	7485
																		413963	200510	6593
																		747182	384180	8270
																		584473	231806	6968
																		888586	265797	6835
																		242779	134892	7632
																		1113702	489753	6600
																		176066	101781	6713
																		1084920	571509	8734
																		489862	268244	7508
																		405925	155219	7072
																		580712	224679	7029
																		762892	362769	6757
																		448818	177462	6827
																		488030	225929	6672
																		741772	242801	7883
																		395918	188281	8311
																		341742	127202	6439
																		339773	145585	7700
																		433564	172377	6823
																		474668	154280	7096
																		607504	219428	6721
																		556899	208222	7270
																		739080	274975	6281
																		845944	394696	7739
																		1074834	399365	7017
																		423373	214649	8789
																		1018465	338306	6222
																		319418	127904	6525
																		504698	223479	6478
																		462391	230118	8949
																		321267	130203	8121
																		555538	230778	6819
																		253841	134827	8363
																		466151	220802	7103
																		1066128	547785	7191
																		1082843	395045	7286
																		489272	256834	8092
																		419467	206267	6424
																		468297	173033	6175
																		252398	133204	7867
																		620762	226183	6280
																		572347	219666	7255
																		745237	228688	6803
																		1182006	434029	7917
																		266847	100356	7662
																		754427	441228	7188
																		512378	257616	7302
																		678519	303063	6834
																		927756	536064	7901
																		474849	252708	7320
																		454217	149974	5320
																		648205	305046	6336
																		936772	393971	8372
																		372773	192703	7003
																		301421	120215	6879
																		258464	132219	7211
																		441317	216332	7721
																		377386	159339	6222
																		376211	184665	7935
																		464159	248951	6941
																		510242	254019	6712
																		142206	70972	7235
																		940958	428071	8803
																		466954	229140	6163
																		372753	229816	8158
																		423346	206063	6395
																		275870	118950	9482
																		947590	341597	7342
																		149418	84919	5797
																		336722	120562	6542
																		679291	334816	8125
																		413230	143564	6783
																		392163	206896	7212
																		383113	222906	7213
																		376283	174533	6976
																		1159167	433331	7244
																		466176	244892	6414
																		422177	236162	8410
																		768110	284272	6901
																		620599	222368	8388
																		807813	378936	7868
																		840156	471181	7434
																		597645	227904	8514
																		1049030	448505	8402
																		748839	353251	7835
																		446233	206601	7046
																		938328	373870	6943
																		776809	394175	8273
																		736421	293929	7617
																		119153	44907	5607
																		380643	140510	3607
																		1188455	342538	6544
																		810718	318860	6876
																		406901	203770	7487
																		495635	239989	6446
																		1267707	608614	7315
																		914693	397353	7077
																		338787	175296	7914
																		1010903	495632	7710
																		852930	329820	7297
																		882210	320492	7779
																		491397	278029	7115
																		461704	224050	6603
																		509177	199542	6103
																		367120	136578	6998
